Open
1308.5
1304.719971
1308
1302
1308.550049
1296
1295
1292.5
1283
1302.75
1285.949951
1252.650024
1250
1260.5
1257.5
1267.5
1273.5
1300
1290
1281
1275.099976
1286
1292.5
1281.949951
1300
1286.530029
1290.150024
1316.380005
1298.969971
1297.5
1279.5
1237.699951
1255.5
1250.5
1271.849976
1273.400024
1282
1288
1280.5
1258.75
1248.75
1244
1249.75
1255.5
1258.030029
1244.949951
1251.699951
1255.199951
1260
1282.5
1286.5
1286
1289
1301.550049
1335
1319
1345.050049
1353.449951
1375
1372.5
1356
1319.5
1293.949951
1279.030029
1307.449951
1304.5
1295
1278
1279.849976
1298.050049
1305.699951
1276.5
1272.5
1281.469971
1271
1273.25
1282.5
1275.819946
1277.5
1282.5
1275
1278.75
1267.150024
1267.75
1297
1291.680054
1321.849976
1299.5
1326.349976
1362.5
1346.969971
1335
1325.25
1327.5
1301.400024
1274
1245
1240.449951
1245
1248.119995
1267.5
1274
1274.5
1265.030029
1255.030029
1266.780029
1250
1250
1264
1272.5
1265.400024
1246
1247.5
1236.469971
1219.030029
1195
1190.25
1194.449951
1182.680054
1183.25
1202.650024
1190.030029
1188.949951
1174
1182.5
1181.449951
1189
1180
1170
1166.099976
1159.699951
1168.949951
1184.5
1191.5
1167.599976
1189.219971
1192
1207.5
1210
1209.969971
1220
1207.5
1210.5
1214
1229.180054
1226.530029
1207.880005
1219.5
1205.069946
1192.5
1175.099976
1185
1192.5
1191.25
1181.349976
1158.5
1136.5
1144.430054
1131
1138.5
1136.900024
1142.5
1136.5
1150.949951
1151
1157.75
1179.349976
1195.550049
1204.5
1193.75
1210.949951
1204.050049
1200
1166.800049
1137.5
1140
1100
1125
1133
1132.5
1142.5
1153.680054
1160.119995
1155.119995
1131.219971
1109.900024
1114.849976
1118.5
1096.5
1152.5
1168
1190
1171.050049
1170.5
1178.030029
1170
1181
1174.530029
1157.5
1167
1180
1213
1221
1243.949951
1245.5
1239
1235.449951
1239.150024
1252.5
1228
1235.400024
1235
1240
1233
1216.5
1249
1265
1226.5
1267.449951
1225.5
1209.5
1201.150024
1224.5
1240
1250.650024
1258.5
1264.5
1262.5
1236.949951
1239
1232.5
1236.699951
1257.5
1250
1260.280029
1282.5
1269
1282.099976
1282.930054
1277.5
1271.150024
1272
1242
1240.5
1265
1276.569946
1291.5
1320
1285.599976
1300
1325.699951
1310.25
1307
1308.619995
1311.199951
1283
1270
1279.469971
1265
1272.780029
1279.5
1301.300049
1331.75
1325
1327.5
1282.569946
1273.5
1247.930054
1237.5
1261
1281
1258
1247.099976
1243.849976
1217.5
1215
1235.849976
1239
1243
1258.5
1223.5
1213.75
1225
1244.75
1249.449951
1256
1279.469971
1277.5
1290.25
1307
1316
1351.449951
1343
1335
1336.949951
1320
1329
1325.5
1332.780029
1352.5
1369
1349.5
1317.5
1320
1294
1272.469971
1294.900024
1290
1279.900024
1267.469971
1255
1275
1262.449951
1256
1259.949951
1249.849976
1180
1164.849976
1168.5
1181
1169.969971
1168.349976
1182.5
1205.5
1203.849976
1212.619995
1191
1200.550049
1200.550049
1215.5
1217.5
1218.530029
1225
1210
1204
1197.5
1194
1184.949951
1181.650024
1157.5
1184.449951
1188
1200.5
1198.449951
1200
1214.099976
1202.5
1199.300049
1189.849976
1205
1199.849976
1170.5
1147
1160
1168.949951
1140.219971
1090
1102.400024
1073.530029
1058.449951
1072.550049
1092.5
1071
1063.099976
1066
1074.5
1077.449951
1106
1147
1137.5
1132.5
1138.5
1129
1114.5
1095
1091.099976
1080.25
1102.5
1097.400024
1109
1107
1101
1138.5
1140
1146
1171.900024
1153
1150
1133
1140.75
1163.349976
1151.5
1177.449951
1183.300049
1180.619995
1184.849976
1192
1160.5
1137.5
1152
1157.5
1162.199951
1174
1125
1127.449951
1139
1147.5
1143.5
1132.5
1152
1161.300049
1172.530029
1170.5
1160
1110
1085.030029
1104.849976
1129
1122
1122.449951
1137.5
1155.5
1198
1209.819946
1198.5
1230
1236
1212.5
1257
1232.949951
1207.5
1239.550049
1244.75
1239.949951
1243.349976
1246
1240
1241.449951
1251
1257.069946
1259.800049
1278.400024
1286
1253
1273
1262.969971
1241
1240.069946
1241
1234.900024
1213.469971
1205
1218
1222.449951
1219.199951
1217.5
1209.949951
1200
1197.449951
1216
1208.650024
1211.25
1200
1165.199951
1165
1131.75
1152.650024
1164.550049
1150
1164
1170
1153.030029
1147
1147
1147.5
1174.969971
1154
1160.5
1171.969971
1177.5
1173.650024
1171.650024
1187.550049
1190
1216.75
1225
1268.099976
1255
1266.599976
1267.400024
1288.5
1312.5
1289.5
1280
1266.5
1265
1278.119995
1282.5
1315.5
1348.5
1299
1260
1248.5
1232.5
1227.5
1234.5
1207.469971
1208.449951
1215.5
1220
1204.5
1199.699951
1175.300049
1174.949951
1179.5
1162.199951
1178.699951
1186.650024
1180.400024
1179.5
1175
1203
1213
1241.25
1222.5
1191.5
1198.849976
1198.069946
1207.75
1224.619995
1217.449951
1241
1262.880005
1280
1271.099976
1240.5
1235.5
1250
1250
1240
1245.400024
1258.25
1256
1250
1254.5
1249.949951
1251.5
1242
1250.349976
1237
1252.75
1261.5
1252.5
1248.849976
1252.300049
1241
1240.5
1242.5
1240
1226.550049
1230
1234.069946
1229
1226.880005
1235.599976
1236.949951
1250
1241
1249.5
1252.469971
1252.5
1257
1245.530029
1259.949951
1248.280029
1255
1245
1247.349976
1239.5
1220
1224.800049
1220.5
1215
1220.530029
1227.5
1230
1256.5
1274.099976
1277.530029
1292.5
1297.5
1296
1292
1310
1289.25
1267.550049
1269
1293
1300.650024
1312
1304.25
1316.199951
1310
1335
1361.5
1375
1361.099976
1351.030029
1378.280029
1353
1355
1374.050049
1357.5
1350.5
1336.5
1340.5
1341
1344
1343
1338.75
1326.819946
1317.5
1311
1315.5
1318
1316.150024
1309
1304.180054
1330.5
1305.699951
1316
1281.880005
1268.5
1288
1291
1293.5
1302
1343
1324.719971
1304.400024
1311.550049
1341.150024
1330
1316
1325
1325
1350
1357.5
1355.5
1405
1402.5
1388.569946
1378
1435
1448.5
1465.280029
1480.5
1557.469971
1545
1587.5
1565.699951
1590
1568.5
1562
1560
1555
1505
1513.5
1489.880005
1475
1489.150024
1485
1465.969971
1461.5
1472.5
1464
1487
1526
1525
1537.5
1520.5
1517.5
1524.5
1524.5
1561
1535
1527.449951
1502.5
1521.5
1462.449951
1446.469971
1447.5
1434.400024
1414.5
1410
1436.25
1429.969971
1401
1409.5
1412.5
1417.949951
1420
1446.050049
1464.719971
1463.280029
1477
1469.849976
1462.849976
1475.300049
1505
1575
1558
1593.819946
1583
1589.949951
1625
1712
1705
1692.5
1733.5
1762.5
1725.969971
1765.25
1754.900024
1746
1745
1717.349976
1720.099976
1751.469971
1727.099976
1728.5
1725
1739.969971
1756.469971
1740.400024
1764.349976
1779
1762.5
1755
1812.5
1808.25
1764.949951
1754.530029
1734
1754
1745
1744
1723
1725
1735
1747.099976
1757
1816
1830
1800
1867.949951
1822.150024
1832
1832
1827
1811.900024
1823
1860
1865
1844.900024
1852
1859.949951
1879.900024
1873
1882.849976
1924
1898
1900
1984
1975
1990
1989
2005
2002.099976
1984.900024
2001
2015
2001.900024
1974.949951
1960.849976
1943
1942
1949.949951
1980
1956.5
1997
1978.199951
1972
1980
1980.949951
1997.800049
1992
2000.300049
2013.849976
2024
2010.150024
2022.800049
2035.099976
2043
2055
2072.5
2068
2082.300049
2084.800049
2059.800049
2100
2075
2079.300049
2084.399902
2089
2052.350098
2044
2070
2073
2071.899902
2077
2115
2204.899902
2187
2141.899902
2178
2190.899902
2250.300049
2156.600098
2050
2102.649902
2080.350098
2100
1985
1978
1940
1958
1970
1929
1914
1888
1852.050049
1844
1853.900024
1808.699951
1867
1900
1943.650024
1934.199951
1910
1894
1940
1961
1908.5
1915
1925
1864
1889
1899
1902
1871
1820
1819
1854
1889
1997
1966
1984
1983
2006
1998
1985.050049
1975
1970
2001.099976
2024
1983
1999
1991.900024
1984.800049
1953.800049
1948
1905.800049
1921.800049
1909
1915
1908
1896
1905
1919
1900
1891.800049
1905.400024
1907.400024
1890
1870
1850
1810
1870
1878
1881
1902
1907.099976
1901
1884.800049
1902
1933
1962
1979.599976
1987
2009.5
2029.949951
2050
2049.899902
2074.75
2075
2060
2070
2060.050049
2049
2037.599976
1970
1915
1914.75
1917.199951
1932.5
1984
2040
2060
1995.050049
2005
1989.300049
2005
2025
2028.900024
2014.050049
2013
2004.949951
1998.900024
2043
2030
2028
2015
2007.800049
1984
1994
1980
2010
2037.099976
2085
2078.149902
2028.650024
2059
2070
2083
2045
2038
2070
2120
2149.899902
2148
2163
2158
2175
2203
2238.550049
2255
2185
2110
2160.050049
2151
2145
2175
2133
2135
2097
2096
2112.600098
2125
2148.050049
2110
2098
2070
2054.800049
2060
2080
2123
2160
2201
2224
2199
2174
2196.699951
2237
2245
2264
2257.25
2256
2244
2255
2230
2285
2254.149902
2270
2265
2255
2260
2235
2244.899902
2252.199951
2234
2247
2149
2174
2080
2128
2102.100098
2125
2126
2108
2116.199951
2077
2077
2127.899902
2110
2108.899902
2129.800049
2110.800049
2130
2171.75
2200
2173
2199.899902
2232.800049
2230
2228.899902
2260
2245
2181.100098
2241.399902
2180
2172
2184.949951
2187
2214.949951
2247
2270
2240
2222.199951
2241
2270
2265
2242.199951
2216
2200
2186
2155
2135
2159.949951
2154.949951
2126.399902
2135
2104.899902
2099
2015
2065
2097.899902
2085
2061.850098
2095.949951
2070
2060.600098
2080
2060
2028
1931
1995
2032
2038
2014
2037.5
2080
2060
2084
2094
null
2121.5
2225
2250
2264
2207
2197
2200
2204.5
2189.600098
2135
2118
2187.5
2196
2178.399902
2153
2121.949951
2112
2097
2074.550049
2089.850098
2052
2067.050049
2085
2060
2027.699951
2053
2083
2124
2127.949951
2060
2025.400024
2051.100098
2023
2096
2126.5
2174
2179.800049
2220
2210
2239
2216.399902
2208
2207
2189
2168
2179.949951
2164
2205
2200.5
2205
2248.75
2228
2217.850098
2195
2213
2226.949951
2240.75
2194.899902
2169.949951
2181
2209.800049
2190.949951
2189.699951
2174
2185
2160
2139.399902
2152
2129
2115
2145
2139
2140.899902
2163
2151.100098
2172.949951
2188
2196.949951
2199.949951
2215.75
2204.5
2156
2115.5
2154
2119.949951
2068
2035
2020
2056
2085.699951
2098
2075
1933
1904
1687.900024
1755
1730
1676.800049
1559.699951
1630
1620
1653.050049
1700
1831.599976
1820
1766
1837.400024
1825.900024
1740
1710
1760
1750.449951
1761
1785
1709.949951
1800
1830
1765
1737.650024
1780
1840.699951
1832.300049
1865
1874
1980
1966
1955.099976
1939.800049
1910
1939.099976
1909
1933.400024
1994
1910
1916
1907
1903
1950
1946
1977.099976
2015
1959
1988.5